pid,name,normalized_burst_time,arrival_time,waiting_time,turnaround_time
1, (systemd),86,49726,0,86
2, (kthreadd),86,49726,86,172
3, (pool_workqueue_release),86,49726,172,258
4, (kworker/R-rcu_g),71,49726,258,329
5, (kworker/R-rcu_p),71,49726,329,400
6, (kworker/R-slub_),71,49726,400,471
7, (kworker/R-netns),71,49726,471,542
10, (kworker/0:1-events),86,49726,542,628
12, (kworker/R-mm_pe),71,49726,628,699
14, (rcu_tasks_kthread),86,49726,699,785
15, (rcu_tasks_rude_kthread),86,49726,785,871
16, (rcu_tasks_trace_kthread),86,49726,871,957
17, (ksoftirqd/0),86,49726,957,1043
18, (rcu_preempt),70,49726,1043,1113
19, (rcub/0),70,49726,1113,1183
20, (migration/0),0,49726,1183,1183
21, (idle_inject/0),35,49726,1183,1218
22, (cpuhp/0),86,49726,1218,1304
23, (cpuhp/2),86,49726,1304,1390
24, (idle_inject/2),35,49726,1390,1425
25, (migration/2),0,49726,1425,1425
26, (ksoftirqd/2),86,49726,1425,1511
28, (kworker/2:0H-events_highpri),71,49726,1511,1582
29, (cpuhp/4),86,49726,1582,1668
30, (idle_inject/4),35,49726,1668,1703
31, (migration/4),0,49726,1703,1703
32, (ksoftirqd/4),86,49726,1703,1789
34, (kworker/4:0H-events_highpri),71,49726,1789,1860
35, (cpuhp/5),86,49726,1860,1946
36, (idle_inject/5),35,49726,1946,1981
37, (migration/5),0,49726,1981,1981
38, (ksoftirqd/5),86,49726,1981,2067
40, (kworker/5:0H-events_highpri),71,49726,2067,2138
41, (cpuhp/6),86,49726,2138,2224
42, (idle_inject/6),35,49726,2224,2259
43, (migration/6),0,49726,2259,2259
44, (ksoftirqd/6),86,49726,2259,2345
46, (kworker/6:0H-events_highpri),71,49726,2345,2416
47, (cpuhp/7),86,49726,2416,2502
48, (idle_inject/7),35,49726,2502,2537
49, (migration/7),0,49726,2537,2537
50, (ksoftirqd/7),86,49726,2537,2623
52, (kworker/7:0H-events_highpri),71,49726,2623,2694
53, (cpuhp/8),86,49726,2694,2780
54, (idle_inject/8),35,49726,2780,2815
55, (migration/8),0,49726,2815,2815
56, (ksoftirqd/8),86,49726,2815,2901
58, (kworker/8:0H-events_highpri),71,49726,2901,2972
59, (cpuhp/9),86,49726,2972,3058
60, (idle_inject/9),35,49726,3058,3093
61, (migration/9),0,49726,3093,3093
62, (ksoftirqd/9),86,49726,3093,3179
64, (kworker/9:0H-events_highpri),71,49726,3179,3250
65, (cpuhp/10),86,49726,3250,3336
66, (idle_inject/10),35,49726,3336,3371
67, (migration/10),0,49726,3371,3371
68, (ksoftirqd/10),86,49726,3371,3457
70, (kworker/10:0H-events_highpri),71,49726,3457,3528
71, (cpuhp/11),86,49726,3528,3614
72, (idle_inject/11),35,49726,3614,3649
73, (migration/11),0,49726,3649,3649
74, (ksoftirqd/11),86,49726,3649,3735
76, (kworker/11:0H-events_highpri),71,49726,3735,3806
77, (cpuhp/1),86,49726,3806,3892
78, (idle_inject/1),35,49726,3892,3927
79, (migration/1),0,49726,3927,3927
80, (ksoftirqd/1),86,49726,3927,4013
82, (kworker/1:0H-events_highpri),71,49726,4013,4084
83, (cpuhp/3),86,49726,4084,4170
84, (idle_inject/3),35,49726,4170,4205
85, (migration/3),0,49726,4205,4205
86, (ksoftirqd/3),86,49726,4205,4291
88, (kworker/3:0H-events_highpri),71,49726,4291,4362
89, (kdevtmpfs),86,49726,4362,4448
90, (kworker/R-inet_),71,49726,4448,4519
91, (kauditd),86,49726,4519,4605
92, (khungtaskd),86,49726,4605,4691
93, (oom_reaper),86,49726,4691,4777
95, (kworker/R-write),71,49726,4777,4848
96, (kcompactd0),86,49726,4848,4934
97, (ksmd),89,49726,4934,5023
99, (khugepaged),100,49726,5023,5123
100, (kworker/R-kinte),71,49726,5123,5194
101, (kworker/R-kbloc),71,49726,5194,5265
102, (kworker/R-blkcg),71,49726,5265,5336
104, (kworker/R-tpm_d),71,49726,5336,5407
105, (kworker/R-ata_s),71,49726,5407,5478
106, (kworker/R-edac-),71,49726,5478,5549
107, (kworker/R-devfr),71,49726,5549,5620
108, (watchdogd),35,49726,5620,5655
109, (kworker/4:1H-events_highpri),71,49726,5655,5726
110, (kswapd0),86,49726,5726,5812
112, (kworker/R-kthro),71,49726,5812,5883
113, (irq/122-aerdrv),35,49726,5883,5918
114, (irq/123-aerdrv),35,49726,5918,5953
116, (kworker/R-acpi_),71,49726,5953,6024
119, (hwrng),86,49726,6024,6110
120, (kworker/R-hfi-u),71,49726,6110,6181
121, (kworker/R-mld),71,49726,6181,6252
122, (kworker/9:1H-kblockd),71,49726,6252,6323
123, (kworker/R-ipv6_),71,49726,6323,6394
130, (kworker/R-kstrp),71,49726,6394,6465
138, (kworker/R-zswap),71,49726,6465,6536
140, (kworker/R-charg),71,49726,6536,6607
151, (kworker/7:1H-events_highpri),71,49726,6607,6678
179, (kworker/8:1H-events_highpri),71,49726,6678,6749
186, (kworker/5:1H-kblockd),71,49726,6749,6820
188, (kworker/2:1H-events_highpri),71,49726,6820,6891
189, (kworker/10:1H-kblockd),71,49726,6891,6962
190, (kworker/0:1H-acpi_thermal_pm),71,49726,6962,7033
191, (kworker/11:1H-kblockd),71,49726,7033,7104
199, (kworker/6:1H-events_highpri),71,49726,7104,7175
314, (kworker/1:1H-events_highpri),71,49726,7175,7246
315, (kworker/3:1H-events_highpri),71,49726,7246,7317
333, (kworker/R-nvme-),71,49726,7317,7388
334, (kworker/R-nvme-),71,49726,7388,7459
335, (kworker/R-nvme-),71,49726,7459,7530
336, (kworker/R-nvme-),71,49726,7530,7601
337, (kworker/R-crypt),71,49726,7601,7672
356, (kworker/R-btrfs),71,49726,7672,7743
357, (kworker/R-btrfs),71,49726,7743,7814
358, (kworker/R-btrfs),71,49726,7814,7885
359, (kworker/R-btrfs),71,49726,7885,7956
360, (kworker/R-btrfs),71,49726,7956,8027
361, (kworker/R-btrfs),71,49726,8027,8098
362, (kworker/R-btrfs),71,49726,8098,8169
363, (kworker/R-btrfs),71,49726,8169,8240
364, (kworker/R-btrfs),71,49726,8240,8311
365, (kworker/R-btrfs),71,49726,8311,8382
366, (kworker/R-btrfs),71,49726,8382,8453
367, (kworker/R-btrfs),71,49726,8453,8524
368, (kworker/R-btrfs),71,49726,8524,8595
369, (btrfs-cleaner),86,49726,8595,8681
370, (btrfs-transaction),86,49726,8681,8767
439, (systemd-journal),86,49726,8767,8853
477, (systemd-udevd),86,49726,8853,8939
479, (psimon),70,49726,8939,9009
543, (mount.ntfs),86,49726,9009,9095
566, (kworker/R-cfg80),71,49726,9095,9166
567, (irq/138-SYNA32DC:00),35,49726,9166,9201
622, (systemd-oomd),86,49726,9201,9287
627, (systemd-timesyn),86,49726,9287,9373
629, (kworker/R-ttm),71,49726,9373,9444
633, (card1-crtc0),35,49726,9444,9479
634, (card1-crtc1),35,49726,9479,9514
635, (card1-crtc2),35,49726,9514,9549
636, (card1-crtc3),35,49726,9549,9584
661, (avahi-daemon),86,49726,9584,9670
666, (bluetoothd),86,49726,9670,9756
667, (dbus-daemon),86,49726,9756,9842
674, (polkitd),86,49726,9842,9928
675, (power-profiles-),86,49726,9928,10014
678, (systemd-logind),86,49726,10014,10100
694, (NetworkManager),86,49726,10100,10186
696, (input-remapper-),86,49726,10186,10272
700, (avahi-daemon),86,49726,10272,10358
742, (ModemManager),86,49726,10358,10444
761, (gdm),86,49726,10444,10530
766, (irq/141-rtw89_pci),35,49726,10530,10565
791, (input-remapper-),86,49726,10565,10651
833, (wpa_supplicant),86,49726,10651,10737
861, (irq/142-AudioDSP),35,49726,10737,10772
865, (accounts-daemon),86,49726,10772,10858
886, (psimon),70,49726,10858,10928
1531, (colord),86,49726,10928,11014
1560, (upowerd),86,49726,11014,11100
1756, (rtkit-daemon),87,49726,11100,11187
1841, (krfcommd),79,49726,11187,11266
1886, (gdm-session-wor),86,49726,11266,11352
1899, (systemd),86,49726,11352,11438
1903, ((sd-pam)),86,49726,11438,11524
1916, (gnome-keyring-d),86,49726,11524,11610
1933, (dbus-daemon),86,49726,11610,11696
2099, (gdm-wayland-ses),86,49726,11696,11782
2109, (gnome-session-b),86,49726,11782,11868
2184, (gnome-session-c),86,49726,11868,11954
2200, (gnome-session-b),86,49726,11954,12040
2270, (gnome-shell),86,49726,12040,12126
2280, (gvfsd),86,49726,12126,12212
2287, (gvfsd-fuse),86,49726,12212,12298
2377, (at-spi-bus-laun),86,49726,12298,12384
2384, (dbus-daemon),86,49726,12384,12470
2387, (at-spi2-registr),86,49726,12470,12556
2405, (xdg-permission-),86,49726,12556,12642
2408, (gnome-shell-cal),86,49726,12642,12728
2419, (evolution-sourc),86,49726,12728,12814
2430, (gjs),86,49726,12814,12900
2447, (gsd-a11y-settin),86,49726,12900,12986
2448, (gsd-color),86,49726,12986,13072
2451, (gsd-datetime),86,49726,13072,13158
2453, (gsd-housekeepin),86,49726,13158,13244
2456, (gsd-keyboard),86,49726,13244,13330
2458, (gsd-media-keys),86,49726,13330,13416
2464, (gsd-power),86,49726,13416,13502
2470, (gsd-print-notif),86,49726,13502,13588
2474, (gsd-rfkill),86,49726,13588,13674
2478, (gsd-screensaver),86,49726,13674,13760
2479, (gsd-sharing),86,49726,13760,13846
2482, (gsd-smartcard),86,49726,13846,13932
2483, (gsd-sound),86,49726,13932,14018
2487, (gsd-usb-protect),86,49726,14018,14104
2500, (gsd-wacom),86,49726,14104,14190
2542, (gsd-printer),86,49726,14190,14276
2553, (gjs),86,49726,14276,14362
2569, (garuda-system-m),86,49726,14362,14448
2576, (ulauncher),86,49726,14448,14534
2592, (gsd-disk-utilit),86,49726,14534,14620
2607, (evolution-alarm),86,49726,14620,14706
2612, (electron),86,49726,14706,14792
2620, (udisksd),86,49726,14792,14878
2637, (goa-daemon),86,49726,14878,14964
2641, (gvfs-udisks2-vo),86,49726,14964,15050
2650, (evolution-calen),86,49726,15050,15136
2670, (goa-identity-se),86,49726,15136,15222
2677, (xdg-desktop-por),86,49726,15222,15308
2688, (xdg-document-po),86,49726,15308,15394
2694, (fusermount3),86,49726,15394,15480
2700, (gvfs-mtp-volume),86,49726,15480,15566
2706, (gvfs-gphoto2-vo),86,49726,15566,15652
2721, (evolution-addre),86,49726,15652,15738
2727, (gvfs-goa-volume),86,49726,15738,15824
2735, (gvfs-afc-volume),86,49726,15824,15910
2750, (electron),86,49726,15910,15996
2753, (electron),86,49726,15996,16082
2760, (Xwayland),86,49726,16082,16168
2774, (electron),86,49726,16168,16254
2799, (pipewire),78,49726,16254,16332
2801, (wireplumber),78,49726,16332,16410
2802, (pipewire-pulse),78,49726,16410,16488
2925, (com.docker.back),86,49726,16488,16574
2929, (python3),86,49726,16574,16660
2930, (xdg-desktop-por),86,49726,16660,16746
2971, (com.docker.buil),86,49726,16746,16832
2980, (com.docker.dev-),86,49726,16832,16918
2981, (com.docker.exte),86,49726,16918,17004
3003, (Docker,86,49726,17004,17090
3046, (xdg-desktop-por),86,49726,17090,17176
3047, (input-remapper-),86,49726,17176,17262
3062, (Docker,86,49726,17262,17348
3064, (Docker,86,49726,17348,17434
3098, (Docker,86,49726,17434,17520
3126, (gsd-xsettings),86,49726,17520,17606
3178, (mutter-x11-fram),86,49726,17606,17692
3202, (electron),86,49726,17692,17778
3204, (electron),86,49726,17778,17864
3207, (libinput-debug-),86,49726,17864,17950
3211, (electron),86,49726,17950,18036
3248, (Docker,86,49726,18036,18122
3250, (Docker,86,49726,18122,18208
3722, (opera),85,49726,18208,18293
3726, (opera_crashrepo),86,49726,18293,18379
3731, (opera),86,49726,18379,18465
3732, (opera),86,49726,18465,18551
3734, (opera),86,49726,18551,18637
3761, (opera),85,49726,18637,18722
3762, (opera),86,49726,18722,18808
3780, (opera),86,49726,18808,18894
3844, (opera),89,49726,18894,18983
3845, (opera),85,49726,18983,19068
3862, (opera),89,49726,19068,19157
3966, (opera),85,49726,19157,19242
3992, (opera),86,49726,19242,19328
4008, (opera),85,49726,19328,19413
4041, (opera),85,49726,19413,19498
4057, (opera),85,49726,19498,19583
4066, (opera),85,49726,19583,19668
4078, (opera),85,49726,19668,19753
4087, (opera),89,49726,19753,19842
4467, (opera),86,49726,19842,19928
4473, (opera),89,49726,19928,20017
4485, (opera),86,49726,20017,20103
4940, (gvfsd-metadata),86,49726,20103,20189
5439, (gvfsd-trash),86,49726,20189,20275
5459, (dconf-service),86,49726,20275,20361
5679, (opera),89,49726,20361,20450
6830, (kworker/11:9-i915-unordered),86,49726,20450,20536
7701, (gvfsd-network),86,49726,20536,20622
7732, (gvfsd-dnssd),86,49726,20622,20708
13562, (opera),89,49726,20708,20797
15030, (opera),89,49726,20797,20886
16813, (kworker/9:1-mm_percpu_wq),86,49726,20886,20972
17167, (kworker/2:1-i915-unordered),86,49726,20972,21058
17850, (code),86,49726,21058,21144
17853, (code),86,49726,21144,21230
17854, (code),86,49726,21230,21316
17856, (code),86,49726,21316,21402
17870, (chrome_crashpad),86,49726,21402,21488
17887, (code),86,49726,21488,21574
17892, (code),86,49726,21574,21660
17956, (code),86,49726,21660,21746
17976, (code),86,49726,21746,21832
18306, (opera),86,49726,21832,21918
18604, (opera),89,49726,21918,22007
19507, (kworker/11:0-i915-unordered),86,49726,22007,22093
20086, (gvfsd-http),86,49726,22093,22179
22804, (kworker/3:1-mm_percpu_wq),86,49726,22179,22265
30290, (kworker/0:2H-events_highpri),71,49726,22265,22336
37932, (kworker/4:0-mm_percpu_wq),86,49726,22336,22422
41273, (kworker/5:1-mm_percpu_wq),86,49726,22422,22508
51631, (code),86,49726,22508,22594
51649, (code),86,49726,22594,22680
51738, (code),86,49726,22680,22766
51772, (code),86,49726,22766,22852
51858, (code),86,49726,22852,22938
51909, (fish),86,49726,22938,23024
52052, (code),86,49726,23024,23110
52131, (code),86,49726,23110,23196
55912, (cpptools),86,49726,23196,23282
58085, (cpptools-srv),86,49726,23282,23368
65938, (cpptools-srv),86,49726,23368,23454
66290, (opera),89,49726,23454,23543
67698, (nemo),86,49726,23543,23629
67777, (gvfsd-recent),86,49726,23629,23715
67898, (opera),89,49726,23715,23804
69598, (code),89,49726,23804,23893
69617, (code),86,49726,23893,23979
69627, (code),86,49726,23979,24065
69650, (fish),86,49726,24065,24151
69671, (cpptools),86,49726,24151,24237
69806, (code),86,49726,24237,24323
69886, (cpptools-srv),86,49726,24323,24409
69996, (code),86,49726,24409,24495
70832, (kworker/7:2-events),86,49726,24495,24581
71306, (kworker/8:2-mm_percpu_wq),86,49726,24581,24667
71666, (kworker/6:2-mm_percpu_wq),86,49726,24667,24753
75318, (kworker/10:1-events),86,49726,24753,24839
75810, (kworker/u24:30-btrfs-endio-write),86,49726,24839,24925
76282, (gjs),86,49726,24925,25011
76942, (opera),89,49726,25011,25100
77101, (kworker/u24:4-btrfs-endio-write),86,49726,25100,25186
78064, (opera),89,49726,25186,25275
78073, (opera),89,49726,25275,25364
79730, (kworker/u24:1-events_unbound),86,49726,25364,25450
79759, (kworker/u24:8-btrfs-endio-write),86,49726,25450,25536
80100, (fish),86,49726,25536,25622
80558, (kworker/u25:2-rtw89_tx_wq),71,49726,25622,25693
80559, (opera),89,49726,25693,25782
81069, (kworker/u24:11-btrfs-endio-write),86,49726,25782,25868
81833, (kworker/3:0),86,49726,25868,25954
81834, (kworker/9:0-inet_frag_wq),86,49726,25954,26040
81847, (kworker/6:0),86,49726,26040,26126
83492, (kworker/7:0-events),86,49726,26126,26212
83875, (kworker/u25:1-rtw89_tx_wq),71,49726,26212,26283
84087, (code),86,49726,26283,26369
84094, (code),86,49726,26369,26455
85384, (docker),86,49726,26455,26541
86021, (kworker/4:2-inet_frag_wq),86,49726,26541,26627
86079, (kworker/8:0-events),86,49726,26627,26713
86169, (kworker/1:35-events),86,49726,26713,26799
86172, (kworker/1:38-events),86,49726,26799,26885
86193, (kworker/u24:6-btrfs-endio-write),86,49726,26885,26971
87157, (code),86,49726,26971,27057
87168, (code),86,49726,27057,27143
87336, (kworker/0:2-events),86,49726,27143,27229
87603, (fish),86,49726,27229,27315
87702, (code),86,49726,27315,27401
88214, (kworker/5:0-i915-unordered),86,49726,27401,27487
88785, (kworker/u24:0-btrfs-endio-write),86,49726,27487,27573
89047, (opera),89,49726,27573,27662
89066, (kworker/2:0-i915-unordered),86,49726,27662,27748
89079, (opera),85,49726,27748,27833
89599, (kworker/u24:2-btrfs-endio-write),86,49726,27833,27919
89881, (kworker/u25:3-i915_flip),71,49726,27919,27990
90078, (kworker/u24:3-btrfs-endio-write),86,49726,27990,28076
90404, (kworker/u24:5-btrfs-compressed-write),86,49726,28076,28162
90777, (kworker/10:0-inet_frag_wq),86,49726,28162,28248
90893, (sh),86,49726,28248,28334
90903, (python),86,49726,28334,28420
91592, (kworker/u24:7-events_unbound),86,49726,28420,28506
91593, (kworker/u24:9-btrfs-endio-write),86,49726,28506,28592
91802, (kworker/7:1-events),86,49726,28592,28678
92014, (kworker/4:1-events),86,49726,28678,28764
92165, (kworker/u24:10-btrfs-endio-write),86,49726,28764,28850
92166, (kworker/u24:12-events_unbound),86,49726,28850,28936
92167, (kworker/u24:13),86,49726,28936,29022
92169, (kworker/10:2-events),86,49726,29022,29108
92325, (kworker/u25:0),71,49726,29108,29179
92701, (kworker/9:2-events),86,49726,29179,29265
92822, (kworker/2:2-i915-unordered),86,49726,29265,29351
92955, (fish),86,49726,29351,29437
93148, (sh),86,49726,29437,29523
93157, (a.out),86,49726,29523,29609
